3168
1163
730
2214
1113
55
1396
2216
3180
868
1300
1574
2007
3761
191
26
3901
3415
2854
116
2934
3420
443
1821
1330
592
2676
1141
1495
1110
1727
2539
571
683
756
3359
881
2794
2183
3609
107
2154
1959
1789
2758
2152
1711
2142
245
3309
3442
883
772
3232
75
3930
503
2507
2811
274
2492
2667
794
105
61
1693
3367
103
1064
2341
2020
1029
2888
2660
2329
124
3323
858
2948
1776
198
1842
330
1217
2767
2644
714
1476
1755
3167
986
3674
3048
3466
1089
2821
3758
3421
3380
3217
3341
2746
958
1863
1616
1334
3846
1671
1157
2170
3324
3273
2371
2493
2340
395
997
1622
2418
1376
2688
3330
2392
2050
1946
25
1522
1897
3469
2044
3888
3140
983
3651
3304
3659
1598
1342
2147
3220
2257
2889
712
1022
2985
2844
878
2270
3850
3726
1102
1538
1041
2326
2311
3891
1983
1661
2630
204
3291
2437
197
2394
2973
563
1705
630
2240
3437
888
63
3543
2502
693
240
2759
129
2658
1645
617
2752
2449
3229
269
666
2712
495
1166
67
2673
3706
2546
356
2544
3429
138
23
3751
2115
2308
215
1556
2550
489
3707
246
3464
3255
917
2570
251
619
381
1388
603
2933
3861
82
2015
3620
1056
2178
1175
3204
515
2447
95
458
1962
2180
382
2087
2505
1049
425
2747
2427
2453
2812
835
3099
1647
1360
1354
1069
2829
3585
984
1682
2939
3347
3433
3242
291
1552
1685
557
1229
602
618
638
3696
297
2530
821
188
3577
155
3209
1184
753
2171
3605
96
3289
2353
2441
142
1047
1289
3690
32
3316
1059
3061
314
468
3404
1140
3132
394
818
1906
1582
3450
306
2211
879
2709
706
2400
3457
3253
220
2674
1487
790
304
2910
2055
1389
1868
1258
1462
2358
3873
2588
500
1148
3986
2125
2349
2373
969
3362
1610
1308
2049
2620
337
3428
2300
243
2878
999
827
2336
3776
2944
2569
1228
1742
2379
1205
2678
623
768
995
2559
3662
1399
2269
1492
3565
1589
3945
284
1407
225
1149
532
1696
676
3175
1322
9
49
2957
1765
2135
909
2763
1994
928
715
740
2732
3517
838
2089
2345
1620
1488
3765
166
392
1324
2793
3750
1264
2769
2362
2132
809
3993
1002
1198
2843
656
2082
3622
1723
2553
2195
1919
2232
2568
2452
3018
731
742
40
1992
3104
3695
3688
2581
290
2175
2179
2416
1605
2256
2413
492
738
2789
2879
1372
1609
1072
1366
1015
1160
3191
1294
1783
2192
2366
703
3982
241
2484
3937
2279
13
2885
3281
3702
2057
3892
2433
514
1107
839
1623
265
19
464
3083
2535
529
341
1603
3285
2831
3461
708
3744
1542
2360
2782
2770
3403
3459
1840
1710
2533
669
1722
2783
2350
3650
902
3858
1136
1513
3
1500
3439
1481
3535
2123
3817
1838
3790
844
3471
792
3332
1758
636
3601
1005
2809
3449
1281
1024
2750
3590
2212
2294
1003
2061
597
3562
975
3583
1867
3436
466
3158
699
1443
3240
475
1637
1746
3245
2352
2624
2052
1578
3779
1730
1918
2384
3506
2935
1132
3859
3366
521
3400
3293
1847
1718
3272
3101
1644
3476
569
2649
2817
1889
3065
912
313
1998
1373
2648
2072
1805
235
3198
2720
1846
2762
1966
2561
1378
2439
1073
3187
3049
973
2254
2991
1355
3606
1891
2711
1764
633
2186
2853
1174
1391
2158
3943
1233
461
2990
481
3159
2585
584
2859
272
3387
87
2822
2038
2235
2133
130
684
2283
3430
3432
144
3106
2471
1766
1501
3559
2743
2532
2399
3951
2687
1430
493
810
3763
2714
840
815
3760
1687
2683
502
2547
3595
1516
648
3965
2518
631
3441
3550
141
787
256
1484
3554
1474
816
2951
3129
2995
2907
3258
1189
2435
258
579
1791
374
1751
915
98
1385
3629
724
2718
595
3503
342
2771
3538
3968
1333
1584
2233
2766
101
3899
759
3994
187
2432
1305
1602
1715
372
2148
1653
1336
547
3952
2019
2657
522
1819
3026
1413
3785
1260
2128
1684
1883
46
2915
2833
195
10
3499
2524
3820
2157
506
1095
2105
1827
3973
766
908
1659
190
2229
414
2914
3502
3206
1580
163
789
704
3546
3053
3882
2690
1507
767
3709
1799
3047
3657
3496
3743
3984
2043
2443
2369
952
385
1572
1812
3544
2702
1692
2504
2952
1901
2075
1993
2792
2694
3628
2924
2351
2972
248
3851
2977
3976
2901
2693
3636
2031
3962
2790
3931
3008
3037
467
3871
1948
3443
3043
3660
1875
2937
1077
1346
3032
3141
1214
152
1422
3393
438
3376
2589
2629
2045
2866
1558
642
221
1267
593
1912
2961
1517
1236
2466
1232
1509
2919
1709
1183
3369
3117
3179
1717
193
1646
2926
3259
203
34
2969
3670
2271
407
3071
3580
1690
2166
1145
1862
1836
2054
3827
1075
3808
3642
2255
3446
3386
3955
1404
3561
799
1161
3093
3373
872
1940
899
1724
2867
3343
2287
114
1546
3041
168
1606
2330
3877
3046
1409
3821
1070
758
239
1144
3068
1972
1642
1313
1043
1244
1934
3781
156
700
2454
3773
3730
3500
2801
2303
424
398
412
3322
2120
1167
2628
69
2902
1617
3294
1344
165
1980
317
437
1424
3853
3423
2026
891
3802
89
716
445
3025
3835
561
449
1664
3514
1612
3021
3521
951
2268
2153
1365
3975
1944
1009
1806
732
3075
35
953
962
2335
1231
2130
3299
1164
1859
2582
113
1274
441
1657
376
2963
3569
3114
2423
998
2251
2017
2381
2320
2786
1595
2010
2795
3863
520
3913
3794
3708
936
3989
2927
1349
2230
3088
1813
3408
3819
370
97
131
2680
2182
1031
1802
3677
2361
2577
3641
1239
3691
1677
904
3151
2818
632
646
2761
1712
3183
2248
923
345
2190
2138
1221
964
1949
2040
2046
1394
348
2469
865
324
1884
2704
1660
1477
2531
3811
2710
2080
3475
3714
230
3631
2323
2438
925
2164
3917
3382
1061
1725
866
1662
3766
3615
598
875
3236
2204
2605
2390
3658
2011
1227
971
1459
1688
3051
842
3108
2121
496
2661
42
2035
2325
39
471
3013
1301
1974
2654
2699
509
3840
1643
2908
3739
1968
3915
1339
2983
585
15
1587
1704
2756
3427
1146
3063
2826
3831
1590
2526
3806
3290
1904
528
3320
1614
2725
556
2670
196
60
608
2647
2070
368
12
3992
3555
570
1180
3604
3354
3364
1472
3598
2692
2122
1381
1225
3337
1103
1857
1224
2928
668
3149
1824
1392
74
3170
965
2876
3864
111
1982
781
177
3336
3123
1383
3635
1716
1943
2393
1523
2748
1737
3789
1926
3886
2839
3736
1651
3278
2573
164
1068
621
3440
3405
3836
2882
3995
2118
3573
3539
1964
869
2603
1698
33
524
1941
2305
2708
2514
3060
3384
819
1518
3645
1453
1896
626
323
3616
2455
3122
3435
2920
2144
586
3239
1540
249
2798
2868
1226
2640
2705
541
3230
1367
1960
2073
1537
3315
1410
3079
1817
2784
643
3346
2555
1431
3679
266
2619
2444
21
1932
1439
3774
910
2824
2117
363
2210
3600
2586
1714
1119
1076
3383
71
1154
3452
429
2936
2728
1080
2978
1676
1907
1275
3155
2511
892
718
2065
2863
3703
2719
160
2380
2803
1790
3814
1514
469
1794
3256
3664
1702
2074
3064
293
1252
612
2062
497
2538
519
1247
226
719
2417
539
2331
2606
1060
780
3724
1010
29
1881
2557
3027
3126
1456
115
2858
1752
3479
604
3653
1848
1185
2545
3340
1098
685
686
1759
1830
3223
2173
3444
3912
2312
3638
1220
2596
183
52
1293
1699
3805
1034
3328
778
2475
1461
2672
37
1303
151
697
2806
3529
2997
1987
3654
833
1112
3080
3647
2199
444
1014
1083
1427
2281
3086
2536
2332
2242
1445
36
3687
47
629
3465
2837
1957
935
1137
1548
3360
3940
893
279
1798
2159
1444
3908
1169
3379
411
3133
2067
568
1536
300
1750
804
897
992
3302
3925
1288
743
3928
122
2333
2558
278
3920
1905
3832
3171
3251
1615
343
2295
546
3030
3087
318
800
7
133
480
3927
3898
3147
1109
1613
1900
1804
3557
2470
1114
2236
2420
1650
2861
3181
1170
3768
223
1895
1134
3959
3505
690
1779
1152
859
364
3266
2339
1673
1973
3733
85
977
664
3791
2032
273
777
2446
504
535
1379
2343
1133
725
3916
1057
3481
3511
2104
3002
3472
1917
482
1825
3929
1915
128
918
1279
3082
2096
1182
402
729
3488
2805
252
1839
387
490
2851
939
3527
442
1191
359
2315
3327
178
2346
3038
2724
588
1395
3783
99
2813
3883
157
3097
1729
3110
3667
3213
2498
2956
2288
3575
1936
125
2116
1458
2779
421
2592
1739
3551
2003
325
991
3125
483
864
863
2855
1173
2503
1663
572
2163
3767
2071
3275
299
1977
3077
1707
2258
1285
2151
38
486
682
1808
1528
3300
1599
779
77
1421
616
3313
1204
2272
3747
741
1419
2931
1316
3523
358
2169
1045
1084
3584
2160
3478
1999
3451
2716
3902
2181
285
1534
2742
2631
3411
2984
1929
1654
855
3257
2485
147
3460
1192
473
66
3035
3672
201
3381
2319
1596
3073
3103
3909
3878
3522
3822
871
1156
287
3699
2388
1335
1726
2731
803
3833
3458
1567
1925
3154
2375
1327
3096
2006
1860
200
2172
259
3287
2616
3194
1780
1735
1869
1810
91
1040
3582
2698
1023
1630
1956
1771
501
846
2110
3643
1246
573
527
3567
118
2880
1028
3118
880
3228
3980
1051
2370
599
3967
2954
3954
3453
1331
2713
3157
3489
1971
2084
1200
3978
551
3876
2729
1417
2396
1636
1728
1181
896
1996
2472
2523
650
1892
1675
2094
1207
2886
218
2445
979
3005
3163
3778
1101
1512
698
3985
517
3407
2489
2000
3649
3480
2448
3395
2537
1398
3172
3004
3663
1340
2033
3416
2442
3284
929
2835
672
1384
652
2275
2374
2462
512
1050
3268
2691
454
1121
1515
3070
1565
2001
2781
2663
43
1803
1785
2675
1209
470
1683
431
2497
2686
2726
22
2681
3331
3124
2139
2975
247
2548
1989
1371
2962
2395
452
400
3652
3829
2950
1362
3591
2387
2285
576
3414
1858
2306
1870
3425
1222
950
3200
361
2342
346
2253
57
3234
2221
2083
1700
1731
2870
3818
2646
2574
960
1979
513
1976
3742
2356
1159
961
1564
92
3215
877
3676
996
1851
2129
3988
1809
2540
3402
3144
2085
830
1368
2249
1179
2825
2107
3195
735
710
3717
555
665
3495
3741
1485
2273
1406
3214
3574
2819
1147
805
3749
1638
782
397
1770
2411
1165
3935
955
2519
3950
3771
1374
2653
3212
1908
2039
255
1096
1337
1304
2717
3363
1774
1375
3137
44
734
761
1945
1886
2791
1519
873
2095
2627
16
180
695
3991
1632
3463
2898
3227
942
1822
1990
885
2167
158
3637
944
820
2425
957
139
771
3798
428
2982
494
3128
737
2846
3812
233
2838
849
2155
1261
406
1506
533
851
2735
2209
484
2246
2277
2840
760
762
2431
1309
1533
2847
2564
1138
2259
558
2027
1412
882
3737
806
1607
752
2883
1721
989
3389
1893
1168
1880
2344
1866
2579
1455
2881
1414
2520
1393
1271
1259
213
347
1793
2534
2874
3834
90
219
427
874
2146
440
2188
3787
1197
1253
3029
2942
51
1713
2404
261
2140
3092
1769
2757
2929
1131
856
3153
3138
78
3689
2059
1719
2979
2722
2987
1251
1120
3922
2496
1090
785
1853
194
3298
126
1832
564
1078
609
2474
1270
3599
1352
3510
1177
2999
1658
575
479
2196
3057
640
2009
3655
3729
1297
3182
1085
1797
447
8
2980
1975
11
1965
2194
2562
1329
1420
3165
3445
3418
3361
679
1951
2968
3633
2873
2066
1815
1242
920
3504
1171
1734
100
3296
1738
3107
3673
1635
3044
1763
3810
2986
2354
3669
1955
3184
2947
3241
765
3484
763
3370
3704
476
3034
170
1865
1287
1319
436
3686
1
2036
829
214
663
54
2560
773
1674
3746
3924
2260
2463
857
673
1491
1782
276
508
2213
3545
1202
3438
2079
263
2430
3646
2857
554
1033
2081
2334
1100
2307
1872
3249
232
3971
2149
433
3494
3868
1747
3010
3592
1923
3784
764
1176
3999
1030
1691
651
1276
1097
1823
1505
295
3564
2988
377
770
2241
1266
1465
966
2191
3050
2850
2580
3966
311
606
1053
2659
257
3312
3946
824
1826
3339
172
993
3680
1401
3248
1434
109
3098
1235
2527
1471
3022
2721
720
1094
2508
1928
3161
1273
379
48
2600
1878
329
2495
3052
860
2633
2051
1105
3597
169
3809
2376
1467
275
2156
3205
1449
3142
439
2145
3697
3625
3207
102
713
784
2655
2741
2593
3508
791
3067
1464
3847
755
2098
647
2456
1323
3964
850
1504
2389
2856
1265
2911
423
667
3534
2063
3786
1678
1920
3865
1243
674
1939
2685
746
2989
3224
2814
1359
171
657
2397
1249
416
3897
1447
2414
1466
3578
1345
3700
2005
2029
499
3775
3221
3880
1012
3345
3378
208
1551
1820
600
355
1756
2056
2313
3162
1748
1020
2316
1263
1219
3473
786
580
1347
1436
2460
2415
50
3286
1592
108
1834
1681
310
3723
3571
3059
1343
20
1387
2775
3306
1526
2093
543
2203
1927
2556
1203
900
3661
1325
3509
3468
3634
1489
3801
2617
3020
876
988
641
905
3639
3390
1307
3325
1178
3849
1554
749
498
2278
696
3516
1601
1194
2665
2205
3456
154
726
1958
1508
3235
2614
3150
3006
1210
3825
3279
2076
1703
2483
3740
1063
3036
3987
1736
1139
352
689
2601
315
1807
3722
3725
3613
2467
3764
2491
254
229
1835
2552
3977
2161
811
1123
2406
2591
2745
3588
1254
3197
2554
3961
1390
836
3839
3348
3612
2773
3974
3958
2785
1125
974
1025
1652
2385
2841
3321
3619
814
1961
634
3024
3274
1338
2621
1502
2776
301
2877
658
30
1828
1903
2932
2778
3292
1788
3919
1894
2918
655
2823
914
963
2208
1468
2197
2047
783
2529
1550
3608
3160
2202
1328
1071
2777
822
303
1469
754
3085
3656
236
2903
2744
1326
3893
244
3375
2736
1128
1608
3164
2459
3769
1115
2013
3519
587
2830
390
1201
3431
2584
2410
2177
1520
1648
2892
1882
3640
3058
931
3648
1544
3907
2541
2730
3310
415
2949
2604
3377
845
3627
3139
3177
1922
1357
739
1952
1493
181
2816
3885
2958
565
3374
3618
3939
807
199
1104
3109
1743
1877
2124
1597
3434
340
3344
970
943
978
3715
2637
774
389
2970
948
930
1566
2890
1240
3152
2401
2347
1768
2112
2338
3192
1312
2974
1004
852
462
1753
3632
3788
769
3753
2834
2231
1066
1697
1947
2464
3795
2695
1299
596
901
1856
2643
3308
2244
2864
2996
2265
1402
2092
1186
1559
3823
209
1816
3693
1649
488
1547
2572
1460
747
463
2723
841
1679
1629
3078
628
3755
1350
1496
1937
921
1694
1255
2656
3936
3712
3409
327
1380
3844
2250
3716
366
1093
2922
393
3342
1800
1211
3960
3131
2426
2571
1310
744
3734
1320
1278
3074
331
2488
941
2412
3226
253
2599
1432
707
605
2024
717
3949
450
179
79
1135
1092
2090
3334
2078
645
3176
3678
1628
1575
2119
207
2264
1563
1588
206
3493
3970
798
2677
3515
267
2893
2457
722
3014
307
549
3417
3556
2219
3607
2845
1027
3267
639
432
2200
3210
670
238
2238
3231
145
3644
3579
3305
826
3887
2590
1888
582
1425
1527
268
1055
3247
990
1811
2899
18
2297
2768
3072
1874
316
2201
17
1829
3166
2025
326
3698
886
227
2296
2324
550
3028
2764
1283
837
3270
1624
3623
2638
2023
2755
3969
1792
3422
80
709
106
319
3365
1216
3777
2916
2108
68
2398
834
2368
967
2143
403
1298
375
2137
336
1039
1442
2662
148
537
566
1641
1118
933
2099
3111
1667
1618
134
1158
3193
1706
3838
312
1499
396
2222
2436
2022
976
1479
3397
3944
611
2185
2815
369
1910
3039
2468
2434
1950
409
2941
3394
2407
302
3792
3017
3748
2666
1732
1669
1037
2872
309
86
2286
2226
2641
3483
870
1686
1215
1062
1074
3490
2100
1423
1786
545
354
228
3807
296
3533
518
1621
1864
2875
907
1332
2506
1498
2849
510
1562
161
1058
2367
3548
3353
2510
3953
28
1008
3243
3023
610
205
1555
3560
968
405
1530
3528
117
320
65
1006
2804
3216
3119
3250
338
1218
2310
1655
3317
2355
2198
1463
1777
2894
3537
1938
3498
3938
736
2517
3338
2754
3732
1035
2481
1363
3754
3512
1213
420
1341
2419
1890
1873
3914
1631
949
2109
149
2938
3066
418
613
1970
1292
1814
1446
2576
2461
691
3173
3894
1124
3282
660
3830
538
1162
3553
3752
3042
3276
1549
1268
2014
281
2134
2981
662
2328
3875
1356
2602
2642
1441
2639
216
590
1400
1370
2165
1296
614
1433
3705
2088
2318
2923
3196
3399
1741
980
3963
3396
1302
3713
2848
2542
3208
1796
1626
3482
2282
3277
578
3448
3860
391
956
2263
2852
3921
924
3911
2408
649
2800
934
2565
2422
384
339
3759
1784
270
1531
1315
3874
1899
3941
2707
507
459
2500
3318
938
2262
260
3685
2292
2905
2774
1129
671
3862
88
1535
159
3145
3552
3188
2622
2543
3942
1911
2671
2904
334
3116
1153
3803
954
3040
3218
793
378
1450
3095
212
3169
2440
3263
1291
1032
2787
373
620
81
1909
757
280
58
3718
292
3540
1086
3855
1760
2740
3576
120
3721
3900
607
3264
3797
3333
884
1054
1984
1011
3720
2228
2162
478
2141
526
3934
1640
2913
2378
2487
1241
2749
3424
1953
2499
1150
1130
3841
3866
2895
797
2365
903
1689
1569
516
2012
360
1088
1573
1843
1042
2869
1358
2103
2113
2299
410
271
591
1280
2679
3948
1206
3692
1480
1193
2696
3587
627
3621
2513
3990
2276
2174
832
2959
3076
351
1902
2450
2101
2247
2516
3998
2018
2636
894
1969
3848
2618
2917
1277
2030
150
536
2097
1887
3203
3981
83
1529
540
1448
3905
3190
283
817
1426
3350
2836
3358
2309
661
2217
2111
1386
189
3610
2522
3326
1670
947
1583
862
3728
1257
3202
3979
3081
2521
3668
2528
2
5
2114
1087
3372
1525
985
675
3895
3355
1593
3007
1545
3526
1762
1855
3351
1627
2706
2322
1415
3796
1318
1553
2064
2267
3406
1745
898
1954
1282
3113
2664
681
544
1665
1486
3470
3762
1581
350
2220
2632
1591
1666
2391
173
3957
2609
775
1108
